2866
235
650
3711
1571
181
4661
4073
2516
224
2085
241
518
2973
3733
2879
2856
2171
3071
2428
1064
342
3093
2161
3286
288
4298
4699
1866
1547
1780
4828
3285
1494
3732
4926
531
3817
4457
2264
2336
2215
3124
4322
1842
541
3729
3839
3206
3695
4177
4519
4600
2286
3773
1916
3505
4949
2372
1800
2610
2331
622
2005
3289
2143
4975
3050
570
885
573
3622
1722
1932
129
3884
911
825
4655
820
924
1989
2228
90
3007
2707
4863
4472
343
4522
2593
822
898
1026
4292
3188
106
2659
3430
3031
3357
3309
1893
3419
3372
2300
2755
4772
2576
1894
3963
4613
19
3486
3600
2265
1358
3227
3876
4824
4160
3721
118
3543
2900
2654
200
2333
1998
1532
2566
1692
1856
1758
749
2893
2901
3337
145
2557
2725
4437
1206
1854
3766
3687
3277
134
3077
2337
215
2136
992
248
1247
3243
280
4675
2751
1379
1446
2379
3866
3492
1324
2385
1673
3376
939
3867
1111
1575
2977
2422
2319
4771
3627
2584
440
613
1610
3383
1808
2456
1213
2674
1798
276
1370
3997
4820
2212
3268
1652
3630
4515
460
3621
2124
875
1184
2701
1281
3199
2807
4663
767
306
1252
793
1947
4827
1182
3978
944
239
2926
3946
4549
642
240
2969
3193
1942
2809
3611
425
4878
4765
3851
2167
400
2221
1127
1148
3098
4862
2320
3023
1802
779
4129
4842
2301
4704
4453
2895
3912
2955
1357
4371
4914
1507
182
453
3345
1440
978
4990
1825
285
947
2688
2134
2135
1109
4424
4930
3061
4719
795
1103
2157
507
3187
833
3658
1583
2822
2735
3525
4729
3366
4986
2313
4553
4924
842
1729
226
1827
4665
4041
3222
497
2130
2346
78
2408
1088
631
546
3022
45
3738
3805
2129
2169
2553
1752
3515
760
332
3047
946
2733
4223
1685
28
1104
1643
4458
1524
1517
2913
2493
808
3571
859
3500
2295
2717
2086
451
1656
519
4116
1415
1826
1082
4798
3389
4445
346
2795
702
4593
3334
2525
3959
4629
393
4618
798
3408
3696
1511
3166
2227
3464
176
3664
3176
4336
3045
4640
2402
3418
4969
3368
1218
4288
1592
1984
3833
4052
1812
2049
1900
2075
2627
2995
3381
982
2176
3349
2154
509
1490
1967
4061
2381
376
2258
34
3682
1995
4305
4625
309
648
1239
1310
4279
4427
2775
2813
3534
2105
1470
2097
3607
4650
2963
976
1748
1888
3336
2558
4682
1196
1014
806
827
1330
4128
1312
2854
3540
4795
321
3198
2548
2884
4302
3162
2255
2572
3340
24
864
313
4929
1279
319
122
4715
3975
3605
867
3312
4921
2920
4959
1629
1268
2259
4240
3985
2940
1202
4188
912
4901
1
188
1491
512
4227
4091
3350
3165
1081
3290
2826
65
1230
3539
3459
4971
1431
3760
804
4904
1438
3017
2290
488
526
746
2364
1194
398
1944
4677
1806
3506
2521
322
3068
4886
2213
3965
838
3623
4031
1343
13
1061
1385
1140
2930
2996
877
2041
2914
1322
1742
4281
1100
4485
2536
2010
1835
1541
174
1680
1744
2370
211
2307
2692
160
1323
5000
4119
2396
4709
3092
4170
1079
3856
238
1878
2793
3330
2166
656
1055
1924
1059
2499
890
3052
3355
4337
1444
448
4498
3470
1125
4107
1222
1327
3618
1749
258
2785
2805
2211
141
3688
4207
2614
888
51
4977
4034
2349
2678
1305
4166
4360
4342
930
853
667
216
786
684
2241
4869
903
4015
928
4313
1420
3441
2113
2784
2839
4244
3871
4047
3787
3684
2714
1751
3252
2183
4290
1613
1546
4231
1465
2490
4514
4251
3076
2432
659
3704
775
4946
469
375
2567
2359
1301
2780
3207
1264
844
3041
3158
3544
4411
1599
1120
3707
1892
4126
4583
4462
4446
4262
3244
1021
1499
3006
2327
2787
3115
2638
4122
3980
2133
3358
1548
3217
1447
811
366
2878
3174
963
84
194
1143
2671
2412
695
4846
4025
2718
1910
4892
4976
4108
3384
1373
586
4775
1235
2950
2242
4395
1427
1811
3648
4785
4832
2461
1056
4554
4721
362
4576
1766
4404
2647
2206
2641
3054
4951
2443
1156
323
4794
3625
3736
4447
3415
4747
1516
2376
3691
2877
1557
2560
4628
142
1394
3215
3683
2520
3982
4748
3742
4334
1857
3059
3804
499
4778
4286
3801
588
3385
1340
3790
792
4760
404
3129
3888
4439
3533
3493
3681
634
572
3278
2916
2781
906
2454
1716
4158
1972
1260
4558
1506
3693
103
2802
4671
3933
1815
2397
4189
2642
1480
413
2595
3654
2693
577
1529
2267
1144
4889
1567
4581
3789
3145
2612
3722
128
1259
3367
2888
1801
1352
59
3634
555
2096
443
380
4985
4995
104
4837
1993
3842
3146
4072
4950
612
4235
495
2472
704
4433
3141
1132
1663
3926
665
2335
3565
4470
1223
4357
819
2273
3530
3338
1244
2399
3421
4844
3598
791
1404
999
2095
559
221
3103
3720
3655
3423
1641
1727
2323
694
4009
4201
4578
2040
1521
3943
672
3298
2458
334
909
2590
2501
3826
3011
3538
358
2661
3223
3181
4972
2367
2631
670
2218
3798
3521
2302
926
1588
1178
4734
4530
1096
1114
949
4893
852
4531
185
3425
3737
227
3816
2636
1591
3171
416
4648
1669
4993
2708
4787
1150
3377
489
1996
3435
4796
3387
4059
1176
3105
1303
3835
2363
585
1374
4018
4991
4008
3657
2934
4695
2204
936
3356
1424
2756
1041
3924
175
2845
3501
3396
2687
1355
3855
1113
3251
2002
821
2019
1664
2502
207
4032
2115
2270
4362
1786
3550
2925
3709
4615
2354
4390
3053
2164
3585
1969
454
3567
608
3921
968
2972
2767
4087
2226
3343
2352
589
1659
1186
3297
3048
1033
597
1871
3840
1701
263
765
3892
3085
4361
2235
1795
1335
1308
2907
1451
4657
229
4658
266
3293
644
4500
439
4385
2035
3091
730
203
1860
4133
3846
2508
4111
4998
3595
4069
3468
3748
4947
234
554
2968
4164
428
300
4540
3072
2224
4803
3391
3109
1001
1417
4631
4282
3101
246
330
392
4149
1976
3004
739
733
4656
3254
1762
540
580
1481
85
2494
2165
56
3661
2055
1704
3879
3566
729
1640
3781
4812
2173
601
3868
680
1250
2847
1071
236
2279
4308
4013
2378
4909
562
2489
4134
4911
4110
3765
3731
1400
4030
3242
2177
2062
2533
2598
3537
3067
2754
2816
316
4728
4838
1118
4982
1962
2163
3713
4864
1777
424
3030
3542
4756
3458
4697
3802
3081
4372
1197
1614
1483
712
3167
3118
3135
3364
1739
2786
1788
2314
1282
120
851
1204
1789
4212
4680
799
486
4168
3296
3265
2745
3407
2362
217
4685
3764
625
172
3292
4927
4518
3025
4287
2467
3887
1676
1380
1489
1647
112
3043
805
2000
3934
3951
1965
4215
4026
4340
1042
719
370
3224
2189
1574
1349
3197
3433
372
2964
4192
915
1839
4804
3074
37
3526
93
4511
3104
2685
3797
3491
1069
4354
4241
3931
1128
4423
4019
10
1347
3578
2825
1735
1891
17
4493
277
4885
1694
2577
669
99
1879
4410
4367
2629
2806
3557
1093
4273
905
4428
2305
2271
3489
4254
860
426
4265
4741
1368
1929
3455
353
4130
209
4238
693
807
517
1638
1510
1539
2527
3513
3401
3114
4766
2528
1203
1580
4482
866
2837
3460
2829
1229
2844
2602
2937
565
1445
2986
1386
192
1175
2068
2375
3958
125
2542
2125
2831
1137
2348
1566
4352
1248
3021
61
4859
3761
302
283
840
4056
1526
4295
492
2597
1565
4323
2178
772
3123
829
2841
1399
1598
1834
4607
4000
2971
3445
4144
289
2885
1135
312
3502
2112
3147
2988
556
2209
4988
4029
3056
583
1406
3488
206
4764
4758
1241
3426
3325
932
4105
336
1946
1462
3409
2325
2730
1720
2944
4200
3628
2821
1813
4396
253
1028
1905
3075
1736
4513
1108
1873
4375
2993
3170
473
4382
2613
4057
718
4210
1010
3062
2626
432
2433
4414
1838
2989
92
4327
1790
803
1046
3553
3522
251
1837
2225
900
490
3510
3960
2317
281
4722
1209
542
2579
766
4469
2334
2262
1650
4027
2345
2437
3142
4908
2991
3814
3308
4923
4314
1037
2077
685
726
800
2864
3547
4574
2740
3245
714
4774
4405
1858
4441
3828
3209
2848
1589
1190
2356
1492
778
4968
1874
1296
2547
4373
2860
4386
869
1320
441
2540
3993
2660
581
3548
861
1012
2042
1450
4649
3332
2187
4226
1549
4271
1921
2311
2186
4285
3889
3392
4229
2294
2321
4333
3580
3665
3848
4014
4753
2192
3111
385
2858
1408
1448
126
1559
2722
2617
225
1710
4206
3454
2065
1759
58
2444
649
2146
3813
4940
2193
703
2392
2141
3988
299
3573
3365
2904
1136
1416
4384
723
1851
2293
1119
4754
137
668
4589
1468
4100
4180
2462
4851
1425
3373
4507
4283
3531
3096
1486
3556
1912
2852
3714
3725
3258
2683
835
747
2743
1628
3395
2329
2459
267
3315
3994
1016
884
2147
602
614
3019
4220
3479
3715
3094
4790
4365
4769
220
590
1558
2150
2604
918
839
3442
4464
683
2892
524
4193
576
3348
2865
3881
4580
2287
273
3899
2047
1221
4299
1304
771
2477
360
710
4856
4816
3925
2620
2506
1097
2571
2445
4617
2741
4732
865
2252
2523
3159
4931
4156
2649
1711
1298
1781
4579
1833
2351
2082
1407
2236
8
1805
1624
1977
2001
3375
3230
2388
2324
4568
383
3678
954
752
3218
615
341
3284
657
1181
32
1980
3369
4278
4222
3449
2635
476
1214
4211
2466
2915
3211
4196
2421
1449
831
3807
4903
1331
3917
1734
1412
4562
4643
3799
2243
2695
3800
4081
186
3119
2875
578
2771
74
4062
2310
3686
287
1092
1317
2698
1530
208
2360
995
4076
2905
2959
810
3195
1508
1098
1955
4330
624
264
1620
4598
4248
2016
2025
2326
4413
265
1482
119
1267
3529
1992
2442
1772
2872
1051
1344
2778
3845
3968
1070
4836
87
4882
261
1602
943
2274
4264
2734
2573
1011
2152
4737
2142
2060
539
1956
857
69
4941
1869
4092
4987
4980
571
3597
1232
2071
3317
528
4172
3360
474
962
1467
2491
1987
2549
3060
124
679
3788
3012
3512
1277
3428
3999
2565
4065
3558
1124
3562
4074
4633
3473
411
986
95
4696
4420
2896
4559
4556
2782
4906
2637
910
3472
971
4159
4978
4647
639
4205
2921
471
3399
3288
1008
2953
1913
813
2607
3414
3344
3169
1198
2119
574
677
1027
1432
2551
3482
2578
3904
3791
1682
1885
3032
2903
2834
3947
1555
1770
1823
2308
1948
2774
4867
3913
1255
243
3008
1666
3857
3320
4343
847
3212
4683
478
4496
552
231
2966
1030
950
628
1513
2181
3796
3283
4137
1743
4651
171
1914
2303
3593
3136
151
1668
1474
2137
3640
2299
2498
874
21
3276
1919
180
1622
4623
4948
728
1192
293
3474
1328
691
4233
1485
4050
3793
3236
459
4916
1983
1616
369
4006
4044
2121
2353
4545
3569
2282
461
575
886
2052
1519
1844
1816
3437
4873
4552
3776
3584
25
1975
4263
3477
3700
3042
4318
4891
3974
742
4467
3347
964
4103
2588
1697
2322
1246
2594
62
166
2106
2611
938
3036
4957
4710
4296
3102
4389
1495
2876
4773
143
1500
797
2554
1220
1172
4403
3462
4228
4476
515
2811
3763
2700
2694
4289
1488
4718
1543
3875
4939
4037
3995
1372
271
1086
674
481
4713
3164
3697
2919
38
3870
1775
4887
1361
113
984
4127
2710
741
292
4716
1695
3208
523
1553
3795
3406
4780
2417
720
2263
2054
3221
1498
549
1898
2024
222
789
4169
989
7
3051
1573
1572
3069
4225
1605
2495
1300
3896
4898
1345
1318
2017
4825
2541
1750
2938
324
3497
3932
3849
1266
701
933
3427
4003
2057
2190
1293
1256
1991
1158
4654
2357
2564
1719
4637
2857
1970
4221
2948
3397
2027
94
456
4781
2083
4542
2696
4534
2918
2080
333
2812
4550
364
310
2932
4815
769
2358
3545
4512
666
402
3728
1210
1767
941
1630
213
4274
974
2945
3049
3604
1460
4349
3080
654
1168
1199
4102
50
4053
3949
3417
2202
3451
431
4698
4690
4740
437
1753
3637
4744
2736
4743
3026
987
3673
4963
447
4291
3564
4516
1479
3596
2250
737
3967
4934
2387
3878
1761
3785
2859
3299
493
4966
953
4268
975
972
3483
653
156
4938
4369
2581
2640
201
163
3740
29
2833
2928
3945
4955
4430
2909
4964
1253
1903
4398
245
4075
1706
195
3013
2148
361
2109
2425
1329
4755
2758
895
3941
2026
2390
455
1395
326
4088
4216
892
3073
2538
1649
1612
4543
4810
1654
3443
2496
1015
4609
3646
3444
991
1126
1423
2645
4140
1225
756
988
157
4821
1908
3809
553
3089
83
4104
2705
2721
629
1625
3301
2592
3386
4981
1687
1707
1886
1131
4011
662
4510
3991
352
4146
3786
2092
4426
4391
3448
3996
4746
1133
2037
2198
2897
3405
977
3606
4555
2185
4557
4692
4881
2452
3280
1505
2455
3601
561
2479
4379
4335
4085
4645
5
2207
2681
4374
2393
1319
782
2750
1066
1091
2727
1402
390
1057
3772
4706
1478
3039
4961
4546
4143
167
1437
1877
4788
4261
969
82
4622
4644
1390
3371
1876
1792
3404
3269
2268
956
768
1463
1675
4799
1363
2628
3259
2426
3516
1728
4813
1986
33
412
2292
4421
72
4194
3662
1726
1075
4563
1065
4136
107
2384
1895
1458
3883
1774
2776
1738
2240
452
2435
1937
384
4646
2706
758
3672
3379
3647
655
2291
2836
2175
4569
3353
1226
2011
1667
4463
1832
1077
998
2090
2976
1732
351
2481
212
832
4007
4190
2766
1520
4596
4857
348
883
2072
1263
843
922
291
3190
3989
2869
2449
3610
919
1216
2605
1201
4039
4584
1369
630
3586
2583
3964
560
3324
2726
4526
2911
4161
595
908
2759
2943
1401
435
3498
3210
1688
4388
4
4590
3186
1388
3818
121
2800
4070
568
449
3084
4024
86
4538
3086
3755
3753
1456
2544
3507
423
1631
787
298
520
1535
1422
4443
4243
1830
2280
1237
4585
4203
2195
846
1618
101
2078
1764
1713
4763
2179
660
3226
3002
1188
4802
4874
4849
2031
856
759
2238
2104
1911
136
3260
2552
1642
4484
1085
2704
4714
1187
4833
2580
3581
1139
1582
2448
1154
3911
1931
1831
3439
3602
4267
1768
623
458
2155
3457
4250
1889
2048
3354
3599
4504
3046
530
3266
2753
4627
2033
2981
347
4595
619
2796
242
4473
1475
4051
1817
415
3128
3674
4676
247
3262
3576
4937
2400
1262
960
357
2912
1570
177
2023
3987
2880
2514
2936
22
286
1949
81
132
1354
3589
73
4602
4761
2679
434
1080
3808
138
3821
1457
770
2332
2652
2890
1540
607
219
2808
637
2768
3758
3650
1115
218
1493
2908
2488
3961
2608
1918
4393
2960
1875
3536
1633
993
48
4363
3770
3178
1063
363
2043
4256
750
3
3122
4855
3854
3902
3563
2028
3411
1531
2485
3328
4131
967
2338
848
2108
4245
4738
2051
3923
2818
4505
2093
4686
3956
349
2144
233
255
1515
3106
2600
1841
3819
3716
3057
4759
2975
4115
2131
2763
3744
3891
2992
3656
4434
1231
4853
4960
4012
1587
2414
3920
3730
1542
4419
1391
3948
2341
162
4912
3747
3638
996
4020
1195
3639
41
4486
1959
2998
2591
4723
2917
3561
558
3149
4566
4198
2788
3220
3402
633
3231
2118
436
3416
3281
2941
1865
4417
3494
3161
958
610
2269
4688
1316
3130
191
1943
3388
1295
2563
3708
1152
1049
4727
3239
4495
2272
345
123
4040
1003
4635
272
1880
3485
1702
754
1584
4979
3694
3205
20
1939
1794
2008
1418
1556
66
983
3712
3152
3465
4095
4045
4090
2625
3471
1928
63
4890
1166
79
3029
1243
1436
3680
4077
504
902
3551
1882
1755
2603
2618
2239
4425
1484
1461
661
1698
731
4535
940
2084
98
3930
1287
3882
3910
4120
3256
4249
4466
2606
1773
681
2128
4112
3922
1522
620
4438
1677
4138
3746
4752
3058
4004
479
54
2850
53
3126
2555
4252
3335
2180
1691
1116
3836
3865
3825
3897
893
3065
4693
1002
405
468
3499
3663
1563
1334
3901
3874
1836
1130
1870
3587
2081
1276
127
2881
2020
1852
4725
2328
1251
525
3481
897
498
1655
2230
3153
308
3157
11
1183
3112
4331
1350
1645
837
1433
4974
4731
2680
2797
1904
2018
716
52
1089
2974
297
4548
409
1405
3434
3306
1443
2712
784
3382
2746
2779
1741
1274
4370
4348
4750
2256
3447
3066
4672
2473
1291
429
3519
4084
4442
4594
3148
647
4101
1715
1193
1367
338
2420
419
3838
534
4345
2365
388
1058
2504
1242
4489
4854
3574
4297
1072
511
4097
4167
1289
3841
3001
4171
707
876
3850
3568
2246
1208
1660
3127
4117
3514
237
3180
1829
4154
823
3954
4121
4440
4691
4355
1926
3572
4475
2156
2539
155
1273
4642
4449
4826
1212
3990
4468
2278
4524
1601
3591
430
4181
529
1847
4527
3977
3263
863
23
814
148
3420
3517
2697
4412
39
2748
1579
4275
4301
1376
3235
1000
4544
3275
1617
4910
4989
1284
4321
1339
1754
4582
457
1117
4840
3666
2126
3734
3908
4436
3137
4636
1646
4933
2383
3305
4876
3121
417
4768
3942
527
2732
1745
1233
2742
1163
4306
3830
3603
2601
4380
676
2644
2524
4612
4086
301
1615
961
377
344
2946
3044
4619
2662
2058
2415
2100
16
609
3469
3645
2377
3885
254
3843
2283
379
4351
1763
3915
2475
3745
2099
1145
3906
4783
2045
3362
2441
2984
2509
740
2474
503
3095
3594
465
510
2469
2556
3410
1552
4016
834
1123
2684
3246
2244
477
1333
3523
2205
1597
1359
1171
2430
1569
4936
2315
4701
2059
1603
1035
1162
4806
1052
1366
2219
3560
1315
1031
4848
4807
3676
3300
3698
2666
2530
139
1294
3304
2677
1083
2306
934
2616
2927
3774
114
4364
3643
252
1076
3853
2015
3282
1593
4757
4817
3831
3979
2013
3431
1302
4089
152
2790
1923
3527
4429
2568
331
1799
4902
340
105
4175
378
3035
2389
4054
1159
4678
269
1147
3201
907
3314
337
705
1824
3225
179
1307
4142
1215
2419
3264
150
3858
2050
3692
762
2823
4973
4601
880
4679
2423
3690
178
3484
4666
109
3150
2791
4865
270
268
1105
1054
618
1473
4776
4567
1683
3810
1814
14
1087
4999
2891
2835
1538
1818
1311
3869
2803
1709
374
1377
4381
4270
727
3446
1245
2261
1410
3185
1272
973
755
3955
1632
2513
4257
210
1383
4770
1783
1933
2254
2668
46
4080
4480
3992
3503
467
3273
259
4118
1843
1265
2870
1850
671
1387
3037
164
4272
3070
1384
3895
2967
381
2935
1503
1537
641
638
3155
40
937
4202
3636
4346
3872
1785
4913
664
3726
1619
1275
4219
2840
611
1686
4312
596
2471
189
2586
3762
2340
801
2347
4071
9
2646
4454
1733
1696
1974
1945
131
2374
505
3619
643
4234
3132
4565
367
862
2284
3241
2007
1476
1581
395
3626
257
1626
3504
4402
3432
483
3937
2021
816
3291
4046
1990
1170
2798
4098
753
88
1413
4183
4293
491
2138
1784
1935
1634
3735
4805
790
1240
4533
1419
1452
715
1084
3723
4339
3614
4573
4407
1362
2342
3160
2939
4049
711
3307
2069
4471
508
1782
2658
4174
4829
3903
4383
44
1902
3631
3316
3333
396
3113
690
965
2298
4408
43
2145
2770
1398
1901
4048
1019
917
3370
1514
1356
945
2924
2851
1129
47
2231
2559
1381
278
3718
3172
2817
3927
952
2391
3768
2965
4532
3175
1849
901
3972
144
3272
382
4801
487
1804
2012
3579
1121
817
652
951
2170
1644
4819
2709
935
4777
4394
1703
4907
4610
4954
1325
4720
1600
2409
4377
1936
3893
4387
3986
4123
4905
2296
4145
2237
2275
4852
2102
2889
748
3976
981
4811
708
2902
4965
535
1393
3577
1954
2599
2398
2470
4830
4845
2151
4033
1756
89
4724
4418
275
3003
386
4870
1551
4002
12
1403
420
3247
199
1648
3327
2923
2777
850
75
4588
4742
202
1024
2511
4155
1712
3203
1596
130
1068
997
3200
3759
3757
4280
356
466
1409
544
1809
4209
751
1205
2486
2067
4247
569
3238
914
1765
4022
4883
724
2867
4660
802
1025
1283
354
1803
4474
147
3898
873
2719
1590
3769
3323
606
3302
2476
1636
4793
3552
3403
4399
3861
1351
359
3393
3478
117
4199
4010
4139
2032
1453
1106
3436
2982
1013
1421
734
1018
3015
3617
1396
1822
1454
1769
4497
2411
4652
2752
4925
4023
3783
2665
3880
2690
828
2484
2716
916
2153
1050
1254
2036
3108
2431
1036
1564
2361
2827
4356
621
3524
4162
4875
871
2724
3322
763
115
931
1309
371
4860
646
314
4255
1017
3255
1040
4608
2764
1968
980
4157
4822
304
4572
4276
3983
4397
735
1760
446
1062
1731
3834
2463
4230
557
3613
4523
1342
1820
4751
4483
1227
854
3271
2676
985
373
1699
2999
1153
2006
4895
4400
3390
4259
2728
3313
1090
2249
3099
158
780
1730
4310
2405
942
582
1907
4529
1776
2532
4338
3261
3191
2116
4797
2410
173
2962
3952
1671
4614
2369
3233
4246
4962
2994
2312
401
57
1536
858
3083
3829
4517
1909
4481
3559
3641
1608
4664
616
4918
1292
42
4150
260
2990
4508
692
1840
2217
2200
3653
2371
91
3156
640
4997
2257
2561
4242
1771
2120
757
2570
3310
3024
3928
3140
1297
2168
3055
2985
2672
538
3612
2149
4079
4132
2076
3194
4269
4689
1883
3010
4179
1389
3117
3202
4843
4626
1146
4176
1999
4506
4502
1819
2074
635
1177
2703
4928
2091
698
4917
4605
4005
2061
4218
4204
2139
2997
4726
1810
1662
1346
4448
244
3476
4880
3429
165
551
463
550
2289
2773
4967
3777
2034
2480
1299
4106
3535
4942
4304
3668
2339
3935
2739
2110
418
2899
2894
1863
3131
4958
2070
3329
2229
2589
2478
4152
2203
1737
1718
2395
3950
2382
3756
6
2403
1365
290
745
1426
1271
154
2886
2304
2667
815
3116
4611
4561
812
475
3649
592
682
1487
3311
3064
2657
3228
4624
4681
2622
4450
223
2507
1257
923
1336
307
2978
1435
632
587
4996
2330
1314
4113
3063
2522
1845
4197
4435
2266
4786
407
2820
4148
3938
4058
1979
2460
204
1382
1779
3750
955
1700
4151
1678
1951
1787
1053
3438
3184
3918
1578
738
1180
1881
3520
2711
2114
4328
855
2343
4021
3321
3981
594
2503
3900
4866
3413
262
4792
1160
4125
1496
100
1095
3705
2582
3143
3378
3082
391
2517
4153
709
4791
3615
35
4839
2089
3644
717
1044
4944
1411
2447
1442
2910
1472
2814
2861
1151
3183
4861
3822
4575
4303
1950
1038
3125
1576
743
3743
18
36
1679
3890
2760
3294
879
76
2285
2526
4897
4879
3027
3394
2518
168
4487
4178
3984
3936
2088
4341
2537
4571
830
3699
2947
232
4217
2483
274
1606
4712
1099
4191
410
1338
1899
1994
399
3133
3652
3511
3295
1034
604
3463
97
4214
1353
1778
2132
153
1173
1078
2843
1960
2416
305
3532
1577
2543
891
2980
2792
2634
3412
1161
1278
1757
796
2436
1174
4784
4935
2453
2158
1897
1821
1348
2220
4674
3624
1466
1981
736
2
1288
1477
2309
725
4717
2184
1725
1512
537
4294
3741
1022
1428
4329
4401
4324
761
899
320
2492
335
2073
1060
2450
713
4560
3326
3456
1797
3767
2546
1717
4667
4067
3016
3642
849
3000
4632
3173
3671
4456
1067
2621
4736
4920
2545
2159
4564
296
1941
1906
4068
2757
2846
777
3844
4606
1721
2248
2883
3319
1658
2957
4135
4114
1191
2838
4036
617
2424
744
2630
3151
438
2887
1249
472
2344
4491
2670
1005
2863
3040
3620
3192
600
774
4378
1047
3778
1533
1414
4668
2832
1261
3028
4431
1094
1607
1238
1938
462
3969
599
1189
2656
1971
1714
2487
4236
3216
4147
197
1439
925
3944
4237
403
2434
994
1504
4185
1635
4782
3270
161
3669
1637
3555
30
2355
4208
3422
1306
3189
4823
279
2107
2191
1207
1074
2737
3440
4868
2673
2029
502
3154
339
108
1807
2277
4809
4432
3163
3824
1665
3659
2197
2253
686
4094
2686
3554
2874
2046
317
697
4872
3702
1167
2276
626
826
1107
3018
1922
3339
894
4749
4711
2438
3957
116
4899
1009
3916
1627
4320
4915
3318
2216
920
4800
3792
1639
1290
2794
3727
1862
4509
4525
3651
4465
3608
1360
4035
4888
1142
4835
1934
249
3706
675
2482
4539
3588
678
2117
2873
4586
4850
1681
4994
4066
55
979
1157
4501
311
1961
4841
3717
4277
445
4703
421
4536
67
3703
2949
256
26
700
3794
533
3287
3237
3962
2783
1122
4477
2675
4099
2386
1455
1112
2122
4409
4325
4309
1039
2633
2140
4455
2596
1657
4708
1007
593
1973
3971
1280
2519
3710
1469
4260
1200
70
1501
4577
4922
2655
1604
3877
2830
484
1164
4956
4316
1953
3873
2738
2819
3196
2199
4186
1561
3509
2715
1723
3939
501
3701
841
2407
4687
2401
4060
1925
2569
3751
2664
688
2747
1920
3749
3234
3088
1441
4603
4641
4239
1269
198
881
170
2188
397
4992
2056
500
3363
2871
2648
450
2366
2418
2160
2691
1459
1651
4735
190
2663
1884
133
327
3546
4745
2979
3914
1337
480
1270
3179
1045
1554
294
563
889
196
1855
3583
3739
2713
1705
3823
1023
4232
1661
3894
2624
2958
4621
1828
3204
1048
3240
4896
663
482
1165
706
2639
4415
3214
2534
2824
4350
721
773
4733
4461
2464
4639
2906
1740
1169
1958
3862
1864
2174
2951
3009
3033
1585
464
513
3249
1141
3487
785
1219
3453
2297
1746
2531
970
3466
1527
3677
1985
598
948
4952
1621
4452
3784
3754
2574
3518
2799
4083
4620
2022
1134
4490
990
187
3352
2585
1029
1434
2004
3966
2587
3182
2650
4492
2762
776
2749
2815
4063
2260
2515
3775
4093
2842
783
1796
836
2196
3087
1930
2101
414
3629
921
159
140
1708
4659
1102
3229
845
2699
3528
4984
4900
4344
2247
3635
3274
3267
4478
1859
2087
4669
2245
4662
4187
2222
4858
1952
2497
929
2172
2194
3496
3953
2615
3590
4694
1966
2066
282
2922
4406
1550
2789
1211
4451
368
1110
1020
2373
2064
4266
1525
1332
4163
2550
3905
2575
3863
1341
3907
135
1562
3633
250
4317
3973
3592
4700
4416
1217
1321
4634
2111
4499
3689
110
1509
3480
1364
4520
2210
408
494
516
3100
722
1867
3660
2651
4528
318
3679
4739
4847
3667
4109
824
4599
3812
2898
1004
2529
3467
3940
3138
4213
1228
645
4300
3253
71
3424
4082
3806
1518
1917
355
4038
4253
927
1497
146
4332
1032
3090
2098
627
2653
4311
1595
3495
2009
1586
2702
3782
3452
2044
2406
2862
2983
4537
651
2731
4877
422
3034
2208
1179
2427
2288
2942
4173
2643
4604
1502
4762
1724
4945
3303
966
315
3177
2954
2931
3250
4141
687
1690
1528
4707
3827
543
1868
3549
3219
1793
4547
444
1043
584
1689
3852
2882
2720
4630
2765
3342
2214
3780
3724
1286
696
3014
80
1964
3541
2619
732
2632
4315
1285
3675
2952
1430
4359
1464
2079
2039
2380
2094
2729
3820
427
2810
3079
2394
1375
1872
214
485
4894
2772
3832
4541
1623
3168
904
2223
96
4055
514
183
1853
102
4818
4983
1149
2510
4521
2468
4653
870
2987
1006
389
4042
3038
1861
4366
3361
3232
4789
4871
4028
1653
3351
3144
3670
3461
2003
2562
15
4970
31
567
605
60
1890
2868
329
284
1236
1670
4078
1224
4616
68
3803
149
2413
3632
111
394
3490
3919
3248
506
4460
2316
1988
4224
4684
1963
545
788
2201
4459
658
2956
3771
4376
2429
3575
809
350
205
4307
4919
2053
4195
4284
532
521
1609
4730
1471
470
325
3616
2465
547
4597
2500
3860
3909
4814
1073
3837
2440
2439
1896
4353
4767
64
1534
406
564
1978
4592
2961
3929
1594
1791
522
4017
3380
882
1101
3811
3331
3279
536
2404
913
1747
4444
4587
4932
3508
2801
3609
3359
3213
3134
1258
3341
2451
878
4319
3450
2318
1693
2535
4670
27
3107
1545
2769
4165
1927
2232
1326
4943
3864
4347
3257
3139
2281
2623
1684
4673
303
1397
2030
3120
781
3110
3685
3582
2929
872
3779
794
4503
2828
433
1848
4096
2744
4705
3847
2689
1523
3398
579
4834
3752
3374
2970
3570
4479
1915
3005
4831
2669
2350
4326
3815
673
4422
1611
1313
1568
957
4064
3097
4043
2849
4488
2855
4808
603
4570
387
3970
2251
2233
1155
4702
764
169
2182
1997
3346
1982
4184
1940
896
4551
1674
1138
4591
3886
2609
2368
1560
4358
1185
4368
184
328
4392
1957
1371
2853
4258
77
868
1672
4953
2761
4124
4182
689
2038
2234
2162
2123
548
3400
230
2682
887
365
2063
2505
1378
2014
2457
4001
2127
4638
1429
193
2804
636
3859
3475
49
4494
1234
2933
228
959
1392
3020
818
2512
2446
4884
2103
1887
442
3719
2723
1846
3078
3998
699
295
4779
496
1544
566
591
