238
155
320
245
254
406
403
407
329
370
240
83
376
229
44
85
468
20
260
152
191
346
72
120
233
237
486
182
408
209
24
276
395
107
336
65
252
194
231
29
389
246
399
86
39
192
283
435
297
359
463
117
425
311
416
223
232
441
307
278
110
375
132
322
366
88
207
279
475
373
431
400
22
355
479
316
349
464
38
159
379
427
351
94
184
127
456
396
309
137
201
172
3
143
165
457
371
15
93
444
230
76
69
139
295
380
36
266
150
163
113
487
185
2
454
64
259
296
267
348
52
365
68
42
268
417
147
50
325
195
82
319
492
271
369
215
161
277
333
286
293
175
354
353
261
45
19
496
92
54
360
301
73
497
174
26
256
489
344
89
324
248
46
62
398
409
338
367
205
146
374
71
412
385
130
78
493
340
156
356
219
140
200
115
485
420
126
226
67
436
60
111
368
481
269
450
225
404
235
405
16
66
197
263
160
350
17
423
227
129
426
80
213
211
144
491
401
128
188
381
148
202
477
14
220
9
472
488
484
101
270
247
176
429
362
437
410
177
142
334
47
141
179
168
455
313
106
386
243
133
218
323
145
397
378
33
500
12
105
203
74
321
315
57
222
108
151
77
249
95
199
273
190
343
153
447
136
138
32
310
164
119
476
282
352
99
173
458
187
473
357
438
433
443
40
361
189
5
134
28
181
284
178
63
303
430
43
331
114
84
210
439
34
394
424
432
345
123
121
384
6
234
157
241
291
25
51
167
393
461
242
124
459
131
23
287
100
337
449
298
290
300
480
104
97
216
30
244
135
7
471
41
109
13
451
490
418
466
8
228
116
347
162
335
35
294
372
308
221
58
377
299
314
48
402
206
421
158
149
166
49
304
11
198
288
154
341
264
285
292
10
90
280
183
462
4
275
434
494
70
358
469
171
169
37
180
453
112
415
258
388
81
239
499
212
53
428
255
332
470
55
387
414
498
125
419
61
21
391
302
251
465
312
495
339
289
281
383
265
204
186
262
257
483
452
103
214
87
306
196
272
467
56
1
170
250
326
460
75
96
31
448
59
236
208
98
317
253
91
327
478
474
217
274
328
390
482
392
342
102
224
411
382
318
118
446
363
445
27
330
193
422
305
122
79
413
440
442
18
364
